162.3   111.3   58.4
11.8    186.5   334.6
13.2    221.7   250.7
29.4    14.9    103.0
22.3    172.3   93.4
55.0    207.5   270.3
74.2    199.0   255.9
44.6    64.6    86.1
6.8     347.5   13.8
17.8    166.1   240.9
40.9    57.1    348.0
31.9    172.6   195.4
19.3    129.6   311.6
11.8    57.9    79.8
22.4    2.2     211.6
29.0    196.0   250.6
11.7    209.2   67.9
64.2    29.3    356.0
9.2     62.2    141.1
4.3     326.3   89.0
11.7    356.3   82.2
162.5   172.5   235.3
18.7    257.2   22.2
7.0     12.7    50.2
8.6     334.3   41.5
11.4    198.8   69.9
11.4    198.8   69.9
11.4    198.9   69.8
11.4    198.8   69.9
11.4    198.8   69.9
11.4    198.8   69.9
11.4    198.9   69.8
11.4    198.8   69.9
11.4    198.7   69.9
11.4    198.8   69.9
11.4    198.8   69.9
11.4    198.7   70.0
11.4    198.5   70.1
11.4    198.8   69.9
11.0    181.6   82.0
11.5    198.2   70.5
11.4    198.8   69.8
11.7    204.9   65.2
11.4    198.7   70.0
11.4    198.8   69.9
11.6    198.0   70.7
11.3    198.0   70.5
11.3    199.1   69.6
11.4    198.8   69.9
11.4    198.8   69.9
11.4    198.4   70.2
11.4    198.7   70.0
11.2    198.7   69.8
11.4    198.7   70.0
11.3    197.7   70.7
11.4    198.7   70.0
12.1    196.8   72.1
11.4    199.3   69.4
11.4    198.7   70.0
11.5    201.1   68.1
11.4    198.8   69.9
11.3    198.2   70.4
11.5    198.7   70.0
11.4    198.8   69.9
11.4    198.7   70.0
11.5    198.7   70.0
11.3    198.8   69.8
11.4    198.8   69.9
11.4    198.8   69.9
11.2    198.8   69.8
11.4    199.3   69.5
11.2    198.9   69.7
11.2    198.9   69.8
11.3    198.7   69.9
11.2    197.9   70.5
11.5    198.7   70.0
11.0    196.5   71.4
11.3    199.0   69.7
11.3    198.8   69.8
11.3    199.0   69.7
11.3    198.8   69.8
11.3    198.9   69.8
11.4    198.8   69.9
11.4    198.8   69.9
11.4    198.7   70.0
11.3    198.9   69.8
11.4    198.8   69.9
11.4    198.8   69.9
11.3    198.8   69.8
11.4    198.8   69.9
11.3    198.8   69.8
11.4    198.8   69.9
3.1     281.7   280.6
4.3     37.6    359.4
58.3    14.8    94.3
13.6    181.2   219.8
113.5   153.0   139.4
85.4    13.0    79.6
12.8    149.3   246.2
12.8    149.3   246.1
95.7    47.2    1.5
27.8    356.4   31.3
11.3    218.0   176.2
31.2    60.5    272.1
16.9    333.6   37.9
16.9    51.4    75.1
14.0    181.9   214.1
20.4    15.4    282.1
25.5    188.7   66.4
33.2    181.4   204.4
10.1    271.2   200.7
19.2    149.7   66.5
10.2    345.5   93.9
12.9    246.8   125.6
5.1     345.4   7.1
20.7    1.3     15.5
8.4     64.0    240.6
10.4    343.3   191.0
18.3    179.7   279.7
29.1    171.2   218.0
14.5    26.3    113.4
136.4   20.2    320.4
5.9     9.8     68.9
7.9     178.7   76.3
1.6     225.0   134.5
5.5     301.1   6.8
5.5     46.4    85.7
3.0     167.8   171.8
56.0    8.5     85.8
32.7    121.3   88.7
22.1    96.6    68.1
26.0    31.5    58.3
38.0    335.2   172.3
5.9     240.5   132.3
83.1    194.7   28.4
19.2    41.5    329.4
26.6    22.0    81.6
13.7    43.7    4.9
8.2     219.9   148.5
6.3     353.7   323.5
80.2    116.4   10.6
115.9   142.1   113.4
14.1    45.7    13.2
13.6    52.0    50.3
8.4     0.8     341.5
11.5    217.7   176.5
4.9     0.6     296.0
5.7     222.7   95.9
160.0   41.4    25.4
14.6    49.4    53.0
31.9    117.4   310.0
9.9     358.6   4.0
15.1    203.6   111.4
8.8     162.4   259.7
16.2    347.0   259.3
9.6     118.0   31.8
10.6    328.5   281.1
147.1   214.7   206.5
15.3    263.6   296.1
17.6    192.2   288.1
84.4    338.4   315.8
12.1    212.0   46.2
